0.0 0.0 1.0
0.01 0.01 0.9999
0.02 0.02 0.9998
0.03 0.03 0.9995
0.04 0.04 0.9992
0.05 0.05 0.9987
0.06 0.06 0.9982
0.07 0.0699 0.9975
0.08 0.0799 0.9968
0.09 0.0899 0.9959
0.1 0.0998 0.995
0.11 0.1098 0.9939
0.12 0.1197 0.9928
0.13 0.1296 0.9915
0.14 0.1395 0.9902
0.15 0.1494 0.9888
0.16 0.1593 0.9872
0.17 0.1692 0.9856
0.18 0.179 0.9838
0.19 0.1889 0.982
0.2 0.1987 0.9801
0.21 0.2085 0.978
0.22 0.2182 0.9759
0.23 0.228 0.9737
0.24 0.2377 0.9713
0.25 0.2474 0.9689
0.26 0.2571 0.9664
0.27 0.2667 0.9638
0.28 0.2764 0.961
0.29 0.286 0.9582
0.3 0.2955 0.9553
0.31 0.3051 0.9523
0.32 0.3146 0.9492
0.33 0.324 0.946
0.34 0.3335 0.9427
0.35 0.3429 0.9394
0.36 0.3523 0.9359
0.37 0.3616 0.9323
0.38 0.3709 0.9286
0.39 0.3802 0.9249
0.4 0.3894 0.921
0.41 0.3986 0.9171
0.42 0.4078 0.9131
0.43 0.4169 0.909
0.44 0.4259 0.9047
0.45 0.435 0.9004
0.46 0.4439 0.896
0.47 0.4529 0.8916
0.48 0.4618 0.887
0.49 0.4706 0.8823
0.5 0.4794 0.8776
0.51 0.4882 0.8727
0.52 0.4969 0.8678
0.53 0.5055 0.8628
0.54 0.5141 0.8577
0.55 0.5227 0.8525
0.56 0.5312 0.8472
0.57 0.5396 0.8419
0.58 0.548 0.8364
0.59 0.5564 0.8309
0.6 0.5646 0.8253
0.61 0.5729 0.8196
0.62 0.581 0.8139
0.63 0.5891 0.808
0.64 0.5972 0.8021
0.65 0.6052 0.7961
0.66 0.6131 0.79
0.67 0.621 0.7838
0.68 0.6288 0.7776
0.69 0.6365 0.7712
0.7 0.6442 0.7648
0.71 0.6518 0.7583
0.72 0.6594 0.7518
0.73 0.6669 0.7452
0.74 0.6743 0.7385
0.75 0.6816 0.7317
0.76 0.6889 0.7248
0.77 0.6961 0.7179
0.78 0.7033 0.7109
0.79 0.7104 0.7038
0.8 0.7174 0.6967
0.81 0.7243 0.6895
0.82 0.7311 0.6822
0.83 0.7379 0.6749
0.84 0.7446 0.6675
0.85 0.7513 0.66
0.86 0.7578 0.6524
0.87 0.7643 0.6448
0.88 0.7707 0.6371
0.89 0.7771 0.6294
0.9 0.7833 0.6216
0.91 0.7895 0.6137
0.92 0.7956 0.6058
0.93 0.8016 0.5978
0.94 0.8076 0.5898
0.95 0.8134 0.5817
0.96 0.8192 0.5735
0.97 0.8249 0.5653
0.98 0.8305 0.557
0.99 0.836 0.5487
1.0 0.8415 0.5403
1.01 0.8468 0.5319
1.02 0.8521 0.5234
1.03 0.8573 0.5148
1.04 0.8624 0.5062
1.05 0.8674 0.4976
1.06 0.8724 0.4889
1.07 0.8772 0.4801
1.08 0.882 0.4713
1.09 0.8866 0.4625
1.1 0.8912 0.4536
1.11 0.8957 0.4447
1.12 0.9001 0.4357
1.13 0.9044 0.4267
1.14 0.9086 0.4176
1.15 0.9128 0.4085
1.16 0.9168 0.3993
1.17 0.9208 0.3901
1.18 0.9246 0.3809
1.19 0.9284 0.3717
1.2 0.932 0.3624
1.21 0.9356 0.353
1.22 0.9391 0.3436
1.23 0.9425 0.3342
1.24 0.9458 0.3248
1.25 0.949 0.3153
1.26 0.9521 0.3058
1.27 0.9551 0.2963
1.28 0.958 0.2867
1.29 0.9608 0.2771
1.3 0.9636 0.2675
1.31 0.9662 0.2578
1.32 0.9687 0.2482
1.33 0.9711 0.2385
1.34 0.9735 0.2287
1.35 0.9757 0.219
1.36 0.9779 0.2092
1.37 0.9799 0.1994
1.38 0.9819 0.1896
1.39 0.9837 0.1798
1.4 0.9854 0.17
1.41 0.9871 0.1601
1.42 0.9887 0.1502
1.43 0.9901 0.1403
1.44 0.9915 0.1304
1.45 0.9927 0.1205
1.46 0.9939 0.1106
1.47 0.9949 0.1006
1.48 0.9959 0.0907
1.49 0.9967 0.0807
1.5 0.9975 0.0707
1.51 0.9982 0.0608
1.52 0.9987 0.0508
1.53 0.9992 0.0408
1.54 0.9995 0.0308
1.55 0.9998 0.0208
1.56 0.9999 0.0108
1.57 1.0 0.0008
1.58 1.0 -0.0092
1.59 0.9998 -0.0192
1.6 0.9996 -0.0292
1.61 0.9992 -0.0392
1.62 0.9988 -0.0492
1.63 0.9982 -0.0592
1.64 0.9976 -0.0691
1.65 0.9969 -0.0791
1.66 0.996 -0.0891
1.67 0.9951 -0.099
1.68 0.994 -0.109
1.69 0.9929 -0.1189
1.7 0.9917 -0.1288
1.71 0.9903 -0.1388
1.72 0.9889 -0.1486
1.73 0.9874 -0.1585
1.74 0.9857 -0.1684
1.75 0.984 -0.1782
1.76 0.9822 -0.1881
1.77 0.9802 -0.1979
1.78 0.9782 -0.2077
1.79 0.9761 -0.2174
1.8 0.9738 -0.2272
1.81 0.9715 -0.2369
1.82 0.9691 -0.2466
1.83 0.9666 -0.2563
1.84 0.964 -0.266
1.85 0.9613 -0.2756
1.86 0.9585 -0.2852
1.87 0.9556 -0.2948
1.88 0.9526 -0.3043
1.89 0.9495 -0.3138
1.9 0.9463 -0.3233
1.91 0.943 -0.3327
1.92 0.9396 -0.3421
1.93 0.9362 -0.3515
1.94 0.9326 -0.3609
1.95 0.929 -0.3702
1.96 0.9252 -0.3794
1.97 0.9214 -0.3887
1.98 0.9174 -0.3979
1.99 0.9134 -0.407
2.0 0.9093 -0.4161
2.01 0.9051 -0.4252
2.02 0.9008 -0.4342
2.03 0.8964 -0.4432
2.04 0.8919 -0.4522
2.05 0.8874 -0.4611
2.06 0.8827 -0.4699
2.07 0.878 -0.4787
2.08 0.8731 -0.4875
2.09 0.8682 -0.4962
2.1 0.8632 -0.5048
2.11 0.8581 -0.5134
2.12 0.8529 -0.522
2.13 0.8477 -0.5305
2.14 0.8423 -0.539
2.15 0.8369 -0.5473
2.16 0.8314 -0.5557
2.17 0.8258 -0.564
2.18 0.8201 -0.5722
2.19 0.8143 -0.5804
2.2 0.8085 -0.5885
2.21 0.8026 -0.5965
2.22 0.7966 -0.6045
2.23 0.7905 -0.6125
2.24 0.7843 -0.6204
2.25 0.7781 -0.6282
2.26 0.7718 -0.6359
2.27 0.7654 -0.6436
2.28 0.7589 -0.6512
2.29 0.7523 -0.6588
2.3 0.7457 -0.6663
2.31 0.739 -0.6737
2.32 0.7322 -0.681
2.33 0.7254 -0.6883
2.34 0.7185 -0.6956
2.35 0.7115 -0.7027
2.36 0.7044 -0.7098
2.37 0.6973 -0.7168
2.38 0.6901 -0.7237
2.39 0.6828 -0.7306
2.4 0.6755 -0.7374
2.41 0.6681 -0.7441
2.42 0.6606 -0.7507
2.43 0.653 -0.7573
2.44 0.6454 -0.7638
2.45 0.6378 -0.7702
2.46 0.63 -0.7766
2.47 0.6222 -0.7828
2.48 0.6144 -0.789
2.49 0.6065 -0.7951
2.5 0.5985 -0.8011
2.51 0.5904 -0.8071
2.52 0.5823 -0.8129
2.53 0.5742 -0.8187
2.54 0.566 -0.8244
2.55 0.5577 -0.83
2.56 0.5494 -0.8356
2.57 0.541 -0.841
2.58 0.5325 -0.8464
2.59 0.524 -0.8517
2.6 0.5155 -0.8569
2.61 0.5069 -0.862
2.62 0.4983 -0.867
2.63 0.4896 -0.872
2.64 0.4808 -0.8768
2.65 0.472 -0.8816
2.66 0.4632 -0.8862
2.67 0.4543 -0.8908
2.68 0.4454 -0.8953
2.69 0.4364 -0.8997
2.7 0.4274 -0.9041
2.71 0.4183 -0.9083
2.72 0.4092 -0.9124
2.73 0.4001 -0.9165
2.74 0.3909 -0.9204
2.75 0.3817 -0.9243
2.76 0.3724 -0.9281
2.77 0.3631 -0.9317
2.78 0.3538 -0.9353
2.79 0.3444 -0.9388
2.8 0.335 -0.9422
2.81 0.3255 -0.9455
2.82 0.3161 -0.9487
2.83 0.3066 -0.9518
2.84 0.297 -0.9548
2.85 0.2875 -0.9578
2.86 0.2779 -0.9606
2.87 0.2683 -0.9633
2.88 0.2586 -0.966
2.89 0.2489 -0.9685
2.9 0.2392 -0.9709
2.91 0.2295 -0.9733
2.92 0.2198 -0.9755
2.93 0.21 -0.9777
2.94 0.2002 -0.9797
2.95 0.1904 -0.9817
2.96 0.1806 -0.9835
2.97 0.1708 -0.9853
2.98 0.1609 -0.987
2.99 0.151 -0.9885
3.0 0.1411 -0.99
3.01 0.1312 -0.9913
3.02 0.1213 -0.9926
3.03 0.1114 -0.9938
3.04 0.1014 -0.9948
3.05 0.0915 -0.9958
3.06 0.0815 -0.9967
3.07 0.0715 -0.9974
3.08 0.0616 -0.9981
3.09 0.0516 -0.9987
3.1 0.0416 -0.9991
3.11 0.0316 -0.9995
3.12 0.0216 -0.9998
3.13 0.0116 -0.9999
3.14 0.0016 -1.0
3.15 -0.0084 -0.9999
3.16 -0.0184 -0.9998
3.17 -0.0284 -0.9996
3.18 -0.0384 -0.9992
3.19 -0.0484 -0.9988
3.2 -0.0584 -0.9983
3.21 -0.0684 -0.9976
3.22 -0.0783 -0.9969
3.23 -0.0883 -0.9961
3.24 -0.0982 -0.9951
3.25 -0.1082 -0.9941
3.26 -0.1181 -0.993
3.27 -0.1281 -0.9918
3.28 -0.138 -0.9904
3.29 -0.1479 -0.989
3.3 -0.1577 -0.9875
3.31 -0.1676 -0.9858
3.32 -0.1775 -0.9841
3.33 -0.1873 -0.9823
3.34 -0.1971 -0.9804
3.35 -0.2069 -0.9783
3.36 -0.2167 -0.9762
3.37 -0.2264 -0.974
3.38 -0.2362 -0.9717
3.39 -0.2459 -0.9693
3.4 -0.2555 -0.9668
3.41 -0.2652 -0.9642
3.42 -0.2748 -0.9615
3.43 -0.2844 -0.9587
3.44 -0.294 -0.9558
3.45 -0.3035 -0.9528
3.46 -0.3131 -0.9497
3.47 -0.3225 -0.9465
3.48 -0.332 -0.9433
3.49 -0.3414 -0.9399
3.5 -0.3508 -0.9364
3.51 -0.3601 -0.9329
3.52 -0.3694 -0.9292
3.53 -0.3787 -0.9255
3.54 -0.388 -0.9217
3.55 -0.3971 -0.9177
3.56 -0.4063 -0.9137
3.57 -0.4154 -0.9096
3.58 -0.4245 -0.9054
3.59 -0.4335 -0.9011
3.6 -0.4425 -0.8967
3.61 -0.4515 -0.8923
3.62 -0.4604 -0.8877
3.63 -0.4692 -0.8831
3.64 -0.478 -0.8783
3.65 -0.4868 -0.8735
3.66 -0.4955 -0.8686
3.67 -0.5042 -0.8636
3.68 -0.5128 -0.8585
3.69 -0.5213 -0.8533
3.7 -0.5298 -0.8481
3.71 -0.5383 -0.8427
3.72 -0.5467 -0.8373
3.73 -0.555 -0.8318
3.74 -0.5633 -0.8262
3.75 -0.5716 -0.8205
3.76 -0.5797 -0.8148
3.77 -0.5879 -0.809
3.78 -0.5959 -0.803
3.79 -0.6039 -0.797
3.8 -0.6119 -0.791
3.81 -0.6197 -0.7848
3.82 -0.6276 -0.7786
3.83 -0.6353 -0.7722
3.84 -0.643 -0.7659
3.85 -0.6506 -0.7594
3.86 -0.6582 -0.7528
3.87 -0.6657 -0.7462
3.88 -0.6731 -0.7395
3.89 -0.6805 -0.7328
3.9 -0.6878 -0.7259
3.91 -0.695 -0.719
3.92 -0.7021 -0.712
3.93 -0.7092 -0.705
3.94 -0.7162 -0.6978
3.95 -0.7232 -0.6906
3.96 -0.7301 -0.6834
3.97 -0.7369 -0.676
3.98 -0.7436 -0.6686
3.99 -0.7502 -0.6612
4.0 -0.7568 -0.6536
4.01 -0.7633 -0.646
4.02 -0.7697 -0.6384
4.03 -0.7761 -0.6306
4.04 -0.7823 -0.6228
4.05 -0.7885 -0.615
4.06 -0.7946 -0.6071
4.07 -0.8007 -0.5991
4.08 -0.8066 -0.5911
4.09 -0.8125 -0.583
4.1 -0.8183 -0.5748
4.11 -0.824 -0.5666
4.12 -0.8296 -0.5583
4.13 -0.8352 -0.55
4.14 -0.8406 -0.5416
4.15 -0.846 -0.5332
4.16 -0.8513 -0.5247
4.17 -0.8565 -0.5162
4.18 -0.8616 -0.5076
4.19 -0.8666 -0.4989
4.2 -0.8716 -0.4903
4.21 -0.8764 -0.4815
4.22 -0.8812 -0.4727
4.23 -0.8859 -0.4639
4.24 -0.8905 -0.455
4.25 -0.895 -0.4461
4.26 -0.8994 -0.4371
4.27 -0.9037 -0.4281
4.28 -0.908 -0.419
4.29 -0.9121 -0.4099
4.3 -0.9162 -0.4008
4.31 -0.9201 -0.3916
4.32 -0.924 -0.3824
4.33 -0.9278 -0.3731
4.34 -0.9315 -0.3638
4.35 -0.9351 -0.3545
4.36 -0.9386 -0.3451
4.37 -0.942 -0.3357
4.38 -0.9453 -0.3263
4.39 -0.9485 -0.3168
4.4 -0.9516 -0.3073
4.41 -0.9546 -0.2978
4.42 -0.9576 -0.2882
4.43 -0.9604 -0.2786
4.44 -0.9631 -0.269
4.45 -0.9658 -0.2594
4.46 -0.9683 -0.2497
4.47 -0.9708 -0.24
4.48 -0.9731 -0.2303
4.49 -0.9754 -0.2206
4.5 -0.9775 -0.2108
4.51 -0.9796 -0.201
4.52 -0.9816 -0.1912
4.53 -0.9834 -0.1814
4.54 -0.9852 -0.1715
4.55 -0.9868 -0.1617
4.56 -0.9884 -0.1518
4.57 -0.9899 -0.1419
4.58 -0.9912 -0.132
4.59 -0.9925 -0.1221
4.6 -0.9937 -0.1122
4.61 -0.9948 -0.1022
4.62 -0.9957 -0.0923
4.63 -0.9966 -0.0823
4.64 -0.9974 -0.0723
4.65 -0.9981 -0.0623
4.66 -0.9986 -0.0524
4.67 -0.9991 -0.0424
4.68 -0.9995 -0.0324
4.69 -0.9997 -0.0224
4.7 -0.9999 -0.0124
4.71 -1.0 -0.0024
4.72 -1.0 0.0076
4.73 -0.9998 0.0176
4.74 -0.9996 0.0276
4.75 -0.9993 0.0376
4.76 -0.9989 0.0476
4.77 -0.9983 0.0576
4.78 -0.9977 0.0676
4.79 -0.997 0.0775
4.8 -0.9962 0.0875
4.81 -0.9952 0.0975
4.82 -0.9942 0.1074
4.83 -0.9931 0.1173
4.84 -0.9919 0.1273
4.85 -0.9905 0.1372
4.86 -0.9891 0.1471
4.87 -0.9876 0.157
4.88 -0.986 0.1668
4.89 -0.9843 0.1767
4.9 -0.9825 0.1865
4.91 -0.9805 0.1963
4.92 -0.9785 0.2061
4.93 -0.9764 0.2159
4.94 -0.9742 0.2256
4.95 -0.9719 0.2354
4.96 -0.9695 0.2451
4.97 -0.967 0.2548
4.98 -0.9644 0.2644
4.99 -0.9617 0.2741
5.0 -0.9589 0.2837
5.01 -0.956 0.2932
5.02 -0.9531 0.3028
5.03 -0.95 0.3123
5.04 -0.9468 0.3218
5.05 -0.9435 0.3312
5.06 -0.9402 0.3406
5.07 -0.9367 0.35
5.08 -0.9332 0.3594
5.09 -0.9295 0.3687
5.1 -0.9258 0.378
5.11 -0.922 0.3872
5.12 -0.9181 0.3964
5.13 -0.9141 0.4056
5.14 -0.91 0.4147
5.15 -0.9058 0.4238
5.16 -0.9015 0.4328
5.17 -0.8971 0.4418
5.18 -0.8926 0.4507
5.19 -0.8881 0.4597
5.2 -0.8835 0.4685
5.21 -0.8787 0.4773
5.22 -0.8739 0.4861
5.23 -0.869 0.4948
5.24 -0.864 0.5035
5.25 -0.8589 0.5121
5.26 -0.8538 0.5206
5.27 -0.8485 0.5292
5.28 -0.8432 0.5376
5.29 -0.8378 0.546
5.3 -0.8323 0.5544
5.31 -0.8267 0.5627
5.32 -0.821 0.5709
5.33 -0.8153 0.5791
5.34 -0.8094 0.5872
5.35 -0.8035 0.5953
5.36 -0.7975 0.6033
5.37 -0.7915 0.6112
5.38 -0.7853 0.6191
5.39 -0.7791 0.6269
5.4 -0.7728 0.6347
5.41 -0.7664 0.6424
5.42 -0.7599 0.65
5.43 -0.7534 0.6576
5.44 -0.7468 0.6651
5.45 -0.7401 0.6725
5.46 -0.7333 0.6799
5.47 -0.7265 0.6872
5.48 -0.7196 0.6944
5.49 -0.7126 0.7016
5.5 -0.7055 0.7087
5.51 -0.6984 0.7157
5.52 -0.6912 0.7226
5.53 -0.684 0.7295
5.54 -0.6766 0.7363
5.55 -0.6692 0.743
5.56 -0.6618 0.7497
5.57 -0.6542 0.7563
5.58 -0.6467 0.7628
5.59 -0.639 0.7692
5.6 -0.6313 0.7756
5.61 -0.6235 0.7818
5.62 -0.6156 0.788
5.63 -0.6077 0.7941
5.64 -0.5997 0.8002
5.65 -0.5917 0.8061
5.66 -0.5836 0.812
5.67 -0.5755 0.8178
5.68 -0.5673 0.8235
5.69 -0.559 0.8292
5.7 -0.5507 0.8347
5.71 -0.5423 0.8402
5.72 -0.5339 0.8455
5.73 -0.5254 0.8508
5.74 -0.5169 0.8561
5.75 -0.5083 0.8612
5.76 -0.4996 0.8662
5.77 -0.491 0.8712
5.78 -0.4822 0.876
5.79 -0.4734 0.8808
5.8 -0.4646 0.8855
5.81 -0.4557 0.8901
5.82 -0.4468 0.8946
5.83 -0.4378 0.899
5.84 -0.4288 0.9034
5.85 -0.4198 0.9076
5.86 -0.4107 0.9118
5.87 -0.4015 0.9158
5.88 -0.3924 0.9198
5.89 -0.3831 0.9237
5.9 -0.3739 0.9275
5.91 -0.3646 0.9312
5.92 -0.3553 0.9348
5.93 -0.3459 0.9383
5.94 -0.3365 0.9417
5.95 -0.3271 0.945
5.96 -0.3176 0.9482
5.97 -0.3081 0.9513
5.98 -0.2986 0.9544
5.99 -0.289 0.9573
6.0 -0.2794 0.9602
6.01 -0.2698 0.9629
6.02 -0.2602 0.9656
6.03 -0.2505 0.9681
6.04 -0.2408 0.9706
6.05 -0.2311 0.9729
6.06 -0.2213 0.9752
6.07 -0.2116 0.9773
6.08 -0.2018 0.9794
6.09 -0.192 0.9814
6.1 -0.1822 0.9833
6.11 -0.1723 0.985
6.12 -0.1625 0.9867
6.13 -0.1526 0.9883
6.14 -0.1427 0.9897
6.15 -0.1328 0.9911
6.16 -0.1229 0.9924
6.17 -0.1129 0.9936
6.18 -0.103 0.9947
6.19 -0.0931 0.9956
6.2 -0.0831 0.9965
6.21 -0.0731 0.9973
6.22 -0.0631 0.998
6.23 -0.0532 0.9986
6.24 -0.0432 0.9991
6.25 -0.0332 0.9994
6.26 -0.0232 0.9997
6.27 -0.0132 0.9999
6.28 -0.0032 1.0
6.29 0.0068 1.0
6.3 0.0168 0.9998
6.31 0.0268 0.9996
6.32 0.0368 0.9993
6.33 0.0468 0.9989
6.34 0.0568 0.9984
6.35 0.0668 0.9978
6.36 0.0767 0.997
6.37 0.0867 0.9962
6.38 0.0967 0.9953
6.39 0.1066 0.9943
6.4 0.1165 0.9932
6.41 0.1265 0.992
6.42 0.1364 0.9906
6.43 0.1463 0.9892
6.44 0.1562 0.9877
6.45 0.166 0.9861
6.46 0.1759 0.9844
6.47 0.1857 0.9826
6.48 0.1955 0.9807
6.49 0.2053 0.9787
6.5 0.2151 0.9766
6.51 0.2249 0.9744
6.52 0.2346 0.9721
6.53 0.2443 0.9697
6.54 0.254 0.9672
6.55 0.2637 0.9646
6.56 0.2733 0.9619
6.57 0.2829 0.9591
6.58 0.2925 0.9563
6.59 0.302 0.9533
6.6 0.3115 0.9502
6.61 0.321 0.9471
6.62 0.3305 0.9438
6.63 0.3399 0.9404
6.64 0.3493 0.937
6.65 0.3586 0.9335
6.66 0.368 0.9298
6.67 0.3772 0.9261
6.68 0.3865 0.9223
6.69 0.3957 0.9184
6.7 0.4048 0.9144
6.71 0.414 0.9103
6.72 0.4231 0.9061
6.73 0.4321 0.9018
6.74 0.4411 0.8974
6.75 0.45 0.893
6.76 0.459 0.8884
6.77 0.4678 0.8838
6.78 0.4766 0.8791
6.79 0.4854 0.8743
6.8 0.4941 0.8694
6.81 0.5028 0.8644
6.82 0.5114 0.8593
6.83 0.52 0.8542
6.84 0.5285 0.8489
6.85 0.5369 0.8436
6.86 0.5454 0.8382
6.87 0.5537 0.8327
6.88 0.562 0.8271
6.89 0.5703 0.8215
6.9 0.5784 0.8157
6.91 0.5866 0.8099
6.92 0.5946 0.804
6.93 0.6026 0.798
6.94 0.6106 0.7919
6.95 0.6185 0.7858
6.96 0.6263 0.7796
6.97 0.6341 0.7733
6.98 0.6418 0.7669
6.99 0.6494 0.7604
7.0 0.657 0.7539
7.01 0.6645 0.7473
7.02 0.6719 0.7406
7.03 0.6793 0.7338
7.04 0.6866 0.727
7.05 0.6938 0.7201
7.06 0.701 0.7131
7.07 0.7081 0.7061
7.08 0.7151 0.699
7.09 0.7221 0.6918
7.1 0.729 0.6845
7.11 0.7358 0.6772
7.12 0.7425 0.6698
7.13 0.7492 0.6624
7.14 0.7558 0.6548
7.15 0.7623 0.6472
7.16 0.7687 0.6396
7.17 0.7751 0.6319
7.18 0.7813 0.6241
7.19 0.7875 0.6162
7.2 0.7937 0.6083
7.21 0.7997 0.6004
7.22 0.8057 0.5923
7.23 0.8116 0.5843
7.24 0.8174 0.5761
7.25 0.8231 0.5679
7.26 0.8287 0.5597
7.27 0.8343 0.5513
7.28 0.8397 0.543
7.29 0.8451 0.5345
7.3 0.8504 0.5261
7.31 0.8557 0.5175
7.32 0.8608 0.509
7.33 0.8658 0.5003
7.34 0.8708 0.4916
7.35 0.8757 0.4829
7.36 0.8805 0.4741
7.37 0.8851 0.4653
7.38 0.8898 0.4564
7.39 0.8943 0.4475
7.4 0.8987 0.4385
7.41 0.903 0.4295
7.42 0.9073 0.4205
7.43 0.9115 0.4114
7.44 0.9155 0.4023
7.45 0.9195 0.3931
7.46 0.9234 0.3839
7.47 0.9272 0.3746
7.48 0.9309 0.3653
7.49 0.9345 0.356
7.5 0.938 0.3466
7.51 0.9414 0.3372
7.52 0.9447 0.3278
7.53 0.948 0.3183
7.54 0.9511 0.3088
7.55 0.9542 0.2993
7.56 0.9571 0.2898
7.57 0.9599 0.2802
7.58 0.9627 0.2706
7.59 0.9654 0.2609
7.6 0.9679 0.2513
7.61 0.9704 0.2416
7.62 0.9728 0.2318
7.63 0.975 0.2221
7.64 0.9772 0.2123
7.65 0.9793 0.2026
7.66 0.9812 0.1928
7.67 0.9831 0.1829
7.68 0.9849 0.1731
7.69 0.9866 0.1632
7.7 0.9882 0.1534
7.71 0.9897 0.1435
7.72 0.991 0.1336
7.73 0.9923 0.1237
7.74 0.9935 0.1137
7.75 0.9946 0.1038
7.76 0.9956 0.0938
7.77 0.9965 0.0839
7.78 0.9973 0.0739
7.79 0.998 0.0639
7.8 0.9985 0.054
7.81 0.999 0.044
7.82 0.9994 0.034
7.83 0.9997 0.024
7.84 0.9999 0.014
7.85 1.0 0.004
7.86 1.0 -0.006
7.87 0.9999 -0.016
7.88 0.9997 -0.026
7.89 0.9994 -0.036
7.9 0.9989 -0.046
7.91 0.9984 -0.056
7.92 0.9978 -0.066
7.93 0.9971 -0.0759
7.94 0.9963 -0.0859
7.95 0.9954 -0.0959
7.96 0.9944 -0.1058
7.97 0.9933 -0.1158
7.98 0.9921 -0.1257
7.99 0.9908 -0.1356
8.0 0.9894 -0.1455
8.01 0.9879 -0.1554
8.02 0.9863 -0.1653
8.03 0.9845 -0.1751
8.04 0.9827 -0.1849
8.05 0.9808 -0.1948
8.06 0.9789 -0.2046
8.07 0.9768 -0.2143
8.08 0.9746 -0.2241
8.09 0.9723 -0.2338
8.1 0.9699 -0.2435
8.11 0.9674 -0.2532
8.12 0.9648 -0.2629
8.13 0.9621 -0.2725
8.14 0.9594 -0.2821
8.15 0.9565 -0.2917
8.16 0.9535 -0.3013
8.17 0.9505 -0.3108
8.18 0.9473 -0.3203
8.19 0.9441 -0.3297
8.2 0.9407 -0.3391
8.21 0.9373 -0.3485
8.22 0.9338 -0.3579
8.23 0.9301 -0.3672
8.24 0.9264 -0.3765
8.25 0.9226 -0.3857
8.26 0.9187 -0.3949
8.27 0.9147 -0.4041
8.28 0.9106 -0.4132
8.29 0.9064 -0.4223
8.3 0.9022 -0.4314
8.31 0.8978 -0.4404
8.32 0.8934 -0.4493
8.33 0.8888 -0.4582
8.34 0.8842 -0.4671
8.35 0.8795 -0.4759
8.36 0.8747 -0.4847
8.37 0.8698 -0.4934
8.38 0.8648 -0.5021
8.39 0.8597 -0.5107
8.4 0.8546 -0.5193
8.41 0.8494 -0.5278
8.42 0.844 -0.5363
8.43 0.8386 -0.5447
8.44 0.8331 -0.553
8.45 0.8276 -0.5613
8.46 0.8219 -0.5696
8.47 0.8162 -0.5778
8.48 0.8104 -0.5859
8.49 0.8045 -0.594
8.5 0.7985 -0.602
8.51 0.7924 -0.61
8.52 0.7863 -0.6178
8.53 0.7801 -0.6257
8.54 0.7738 -0.6335
8.55 0.7674 -0.6412
8.56 0.761 -0.6488
8.57 0.7544 -0.6564
8.58 0.7478 -0.6639
8.59 0.7411 -0.6713
8.6 0.7344 -0.6787
8.61 0.7276 -0.686
8.62 0.7207 -0.6933
8.63 0.7137 -0.7004
8.64 0.7067 -0.7075
8.65 0.6996 -0.7146
8.66 0.6924 -0.7215
8.67 0.6851 -0.7284
8.68 0.6778 -0.7352
8.69 0.6704 -0.742
8.7 0.663 -0.7486
8.71 0.6554 -0.7552
8.72 0.6479 -0.7617
8.73 0.6402 -0.7682
8.74 0.6325 -0.7745
8.75 0.6247 -0.7808
8.76 0.6169 -0.787
8.77 0.609 -0.7932
8.78 0.601 -0.7992
8.79 0.593 -0.8052
8.8 0.5849 -0.8111
8.81 0.5768 -0.8169
8.82 0.5686 -0.8226
8.83 0.5603 -0.8283
8.84 0.552 -0.8338
8.85 0.5436 -0.8393
8.86 0.5352 -0.8447
8.87 0.5268 -0.85
8.88 0.5182 -0.8552
8.89 0.5097 -0.8604
8.9 0.501 -0.8654
8.91 0.4923 -0.8704
8.92 0.4836 -0.8753
8.93 0.4748 -0.8801
8.94 0.466 -0.8848
8.95 0.4571 -0.8894
8.96 0.4482 -0.8939
8.97 0.4393 -0.8983
8.98 0.4303 -0.9027
8.99 0.4212 -0.9069
9.0 0.4121 -0.9111
9.01 0.403 -0.9152
9.02 0.3938 -0.9192
9.03 0.3846 -0.9231
9.04 0.3754 -0.9269
9.05 0.3661 -0.9306
9.06 0.3567 -0.9342
9.07 0.3474 -0.9377
9.08 0.338 -0.9411
9.09 0.3286 -0.9445
9.1 0.3191 -0.9477
9.11 0.3096 -0.9508
9.12 0.3001 -0.9539
9.13 0.2905 -0.9569
9.14 0.2809 -0.9597
9.15 0.2713 -0.9625
9.16 0.2617 -0.9651
9.17 0.252 -0.9677
9.18 0.2423 -0.9702
9.19 0.2326 -0.9725
9.2 0.2229 -0.9748
9.21 0.2131 -0.977
9.22 0.2033 -0.9791
9.23 0.1935 -0.9811
9.24 0.1837 -0.983
9.25 0.1739 -0.9847
9.26 0.164 -0.9864
9.27 0.1542 -0.988
9.28 0.1443 -0.9895
9.29 0.1344 -0.9909
9.3 0.1245 -0.9922
9.31 0.1145 -0.9934
9.32 0.1046 -0.9945
9.33 0.0946 -0.9955
9.34 0.0847 -0.9964
9.35 0.0747 -0.9972
9.36 0.0647 -0.9979
9.37 0.0548 -0.9985
9.38 0.0448 -0.999
9.39 0.0348 -0.9994
9.4 0.0248 -0.9997
9.41 0.0148 -0.9999
9.42 0.0048 -1.0
9.43 -0.0052 -1.0
9.44 -0.0152 -0.9999
9.45 -0.0252 -0.9997
9.46 -0.0352 -0.9994
9.47 -0.0452 -0.999
9.48 -0.0552 -0.9985
9.49 -0.0652 -0.9979
9.5 -0.0752 -0.9972
9.51 -0.0851 -0.9964
9.52 -0.0951 -0.9955
9.53 -0.105 -0.9945
9.54 -0.115 -0.9934
9.55 -0.1249 -0.9922
9.56 -0.1348 -0.9909
9.57 -0.1447 -0.9895
9.58 -0.1546 -0.988
9.59 -0.1645 -0.9864
9.6 -0.1743 -0.9847
9.61 -0.1842 -0.9829
9.62 -0.194 -0.981
9.63 -0.2038 -0.979
9.64 -0.2136 -0.9769
9.65 -0.2233 -0.9747
9.66 -0.2331 -0.9724
9.67 -0.2428 -0.9701
9.68 -0.2525 -0.9676
9.69 -0.2621 -0.965
9.7 -0.2718 -0.9623
9.71 -0.2814 -0.9596
9.72 -0.291 -0.9567
9.73 -0.3005 -0.9538
9.74 -0.31 -0.9507
9.75 -0.3195 -0.9476
9.76 -0.329 -0.9443
9.77 -0.3384 -0.941
9.78 -0.3478 -0.9376
9.79 -0.3572 -0.934
9.8 -0.3665 -0.9304
9.81 -0.3758 -0.9267
9.82 -0.385 -0.9229
9.83 -0.3942 -0.919
9.84 -0.4034 -0.915
9.85 -0.4125 -0.9109
9.86 -0.4216 -0.9068
9.87 -0.4307 -0.9025
9.88 -0.4397 -0.8981
9.89 -0.4486 -0.8937
9.9 -0.4575 -0.8892
9.91 -0.4664 -0.8846
9.92 -0.4752 -0.8798
9.93 -0.484 -0.8751
9.94 -0.4927 -0.8702
9.95 -0.5014 -0.8652
9.96 -0.51 -0.8601
9.97 -0.5186 -0.855
9.98 -0.5271 -0.8498
9.99 -0.5356 -0.8445
10.0 -0.544 -0.8391
